1 Соколов Антон 10 1 89196834567 1 8
2 Воронин Семён 15 1 89172617890 2 6
3 Комаров Павел 16 1 89244836507 3 10
4 Юдина Арина 22 2 89167772983 2 12
5 Капустина Василиса 31 2 89148720087 5 5
6 Зотова Полина 40 2 89378492748 6 20
7 Еремин Илья 32 1 89976385748 1 4
8 Смирнов Тимур 29 1 89375833333 4 10
9 Горбачев Матвей 23 1 89946384754 5 6
10 Богомолова Малика 14 2 89103948584 3 5
11 Дементьев Максим 32 1 89247004567 6 28
12 Кондратьева  Ксения 44 2 89672611090 4 12
13 Снегирева Варвара 56 2 88005553535 3 10
14 Никифорова Александра 23 2 89166662983 2 12
15 Степанова София 41 2 89149820090 5 7
16 Никитина Анастасия 34 2 89773392748 2 20
17 Ковалева Кристина 12 2 89976380985 1 4
18 Ерофеева Вероника 18 2 89626483354 5 10
19 Кондрашова Анастасия 19 2 89992819827 6 2
20 Морозова Сафия 16 2 89001010110 3 1
21 Иванова Таисия 17 2 89137464783 1 20
22 Афанасьева  Ясмина 30 2 89178374444 2 10
23 Герасимова Мирослава 36 2 89938476565 3 12
24 Касьянов Евгений 26 1 89168392010 2 4
25 Новикова Варвара 12 2 89148473677 5 8
26 Быкова Олеся 19 2 89183744447 2 3
27 Яковлев Иван 7 2 89978765456 1 7
28 Сидорова Алиса 10 2 89837463535 6 3
29 Смирнова Арина 12 2 89987678987 5 6
30 Родионов Андрей 14 2 89373645363 3 17
